,followers_count,friends_count,listedcount,favourites_count,verified,statuses_count,lang,default_profile,default_profile_image,has_extended_profile,bot
0,571310,76070,4909,37437,1,56077,9,0,0,1,0
1,292385,963,6076,1248,1,16688,9,0,0,0,0
2,1,7,0,0,0,3,9,1,1,0,0
3,222659,352,3261,143,1,10999,9,0,0,0,0
4,646,446,2,13440,0,25292,15,0,0,0,0
5,2,5,0,0,0,2,19,1,1,0,0
6,27,25,0,17,0,50,13,1,0,0,0
7,316,192,9,2257,0,7329,9,0,0,1,0
8,211616,8617,4071,1941,1,2037,9,0,0,0,0
9,429604,600,4999,30,1,497,9,0,0,0,0
10,106,153,0,973,0,1408,15,1,0,0,0
11,17118,385,950,4,0,3168,9,0,0,0,0
12,94714,43,1137,0,1,1,9,1,0,0,0
13,1793645,428911,15982,6881,1,155671,9,0,0,1,0
14,328658,110,4381,3,1,319,9,1,0,0,0
15,1159,2524,152,160,0,4718,9,1,0,1,0
16,383,324,20,145,0,389,9,0,0,0,0
17,132562,842,3292,4046,1,5000,9,0,0,0,0
18,9021504,16,34282,11,1,13245,9,0,0,0,0
19,74952,340,541,8101,1,7931,9,1,0,0,0
20,22270820,263,87505,2329,1,46185,9,0,0,0,0
21,829658,56,2714,490,0,16192,9,0,0,1,0
22,56,708,0,112,0,95,9,1,0,1,0
23,1132,8,7,32,0,656,0,1,0,1,0
24,40,51,0,19,0,914,9,0,0,0,0
25,106,318,3,11,0,441,9,1,0,0,0
26,658530,369,2166,1163,1,13327,9,0,0,0,0
27,3039240,1744,35817,412,1,37953,9,0,0,0,0
28,747,639,33,3649,0,3918,9,0,0,1,0
29,35916070,277,90152,147,1,11904,9,0,0,0,0
30,5324864,45,3190,49,1,1537,9,0,0,0,0
31,6055541,881,5,28,1,5536,9,0,0,0,0
32,2026336,53,7295,6,1,487,9,0,0,0,0
33,829,621,36,753,0,9500,9,0,0,0,0
34,6298,3780,82,85334,0,46617,9,0,0,1,0
35,243582,489,3900,24206,1,17195,9,0,0,0,0
36,958913,3664,4424,467,1,44581,9,0,0,0,0
37,75,426,3,1147,0,269,9,1,0,0,0
38,19451,6,36,37,0,254,9,1,0,0,0
39,22,95,0,86,0,52,9,1,0,0,0
40,113,280,6,2600,0,4538,9,0,0,0,0
41,4,81,0,133,0,3,9,1,0,0,0
42,2665301,299,2444,1301,1,9572,9,1,0,1,0
43,13305,1154,392,1251,0,3571,9,0,0,0,0
44,4,27,0,32,0,18,9,1,0,0,0
45,289928,1061,1433,18,1,19353,9,0,0,0,0
46,867,1544,39,87,0,1058,9,0,0,0,0
47,45,150,24,32,0,108,18,0,0,0,0
48,3262,454,15,1346,1,1355,9,0,0,0,0
49,97,105,1,1777,0,1439,15,0,0,0,0
50,26434,553,304,3786,0,7110,9,0,0,0,0
51,417924,16771,2135,999,1,39013,9,0,0,0,0
52,21,48,0,482,0,233,9,1,0,0,0
53,151,1833,4,164,0,591,9,0,0,0,0
54,8381372,203,47130,21,1,6834,9,0,0,0,0
55,2006589,1993,6702,429,1,33226,9,0,0,0,0
56,157,281,7,0,0,4421,9,0,0,0,0
57,2287,4297,13,1558,0,497,9,0,0,1,0
58,289,208,4,20,0,1247,15,0,0,0,0
59,63996,4883,167,297,1,6896,2,0,0,0,0
60,1356,3206,3,126,0,396,9,1,0,0,0
61,270,1891,0,0,0,17,9,1,0,0,0
62,24,65,0,0,0,84,9,0,0,0,0
63,1763697,397,5993,708,1,3859,9,0,0,0,0
64,649,30,68,0,1,213,9,0,0,0,0
65,10,76,0,2,0,19,15,0,0,0,0
66,146565,522,2800,4360,0,10026,9,0,0,0,0
67,177,119,3,1016,0,21311,15,0,0,0,0
68,28875,0,855,0,1,437,9,0,0,0,0
69,1541514,68,3956,66,1,14230,15,0,0,1,0
70,62647,277,1197,431,1,11885,9,0,0,0,0
71,46,96,0,147,0,13,9,1,0,1,0
72,1300380,24248,7089,4184,1,8536,9,0,0,0,0
73,1474073,40,7304,13,1,8601,9,0,0,0,0
74,314,823,9,770,0,1062,9,0,0,1,0
75,216039,67,887,972,1,1878,9,0,0,1,0
76,5370,82,75,607,0,7169,9,1,0,0,0
77,2844,126,110,692,1,263,9,1,0,0,0
78,77,524,0,8,0,39,9,1,0,0,0
79,3702525,8875,20465,135,1,59937,9,0,0,1,0
80,214083,211,3421,365,1,3060,9,0,0,0,0
81,4,67,0,2,0,18,9,1,1,0,0
82,772,970,41,1030,0,2269,9,0,0,0,0
83,5024,1265,395,4375,0,31149,9,0,0,0,0
84,1322,3001,49,2521,0,2965,9,0,0,0,0
85,33,100,0,2,0,7,9,0,0,1,0
86,15571,883,131,16908,0,21707,0,0,0,1,0
87,64,98,1,2,0,1031,9,0,0,0,0
88,28933243,800,27857,43,1,42955,9,0,0,0,0
89,122108,5790,923,223,1,24891,9,0,0,0,0
90,27,118,1,28,0,29,9,1,0,0,0
91,22,101,0,7,0,9,9,1,0,1,0
92,262,729,2,30,0,235,9,0,0,1,0
93,17880103,763,75193,306,1,9487,9,0,0,0,0
94,118,342,8,62,0,46,9,1,0,1,0
95,8896,417,347,797,0,9936,9,0,0,0,0
96,77,65,0,22,0,17,9,1,0,0,0
97,45,75,0,10,0,103,9,0,0,0,0
98,952135,858,3161,2402,1,83812,9,0,0,0,0
99,1811013,415,11324,181,1,9472,9,0,0,0,0
100,71,263,1,22,0,49,9,1,0,0,0
101,8503,222,322,861,1,21716,9,0,0,0,0
102,64,279,2,15,0,83,9,1,0,0,0
103,32129515,547,23014,51,1,32419,9,0,0,1,0
104,59,67,6,1030,0,1002,9,1,0,0,0
105,54,89,0,1,0,1177,9,0,0,0,0
106,52,337,0,2503,0,247,9,0,0,0,0
107,9132,1841,1063,590,1,6437,9,0,0,1,0
108,9515386,1329,0,1141,1,5942,9,0,0,0,0
109,276122,166,7084,1234,1,7336,9,0,0,1,0
110,3191970,371987,16873,13,1,2119,9,0,0,0,0
111,27859346,157,32946,0,1,286,9,0,0,0,0
112,5541,888,275,396,0,901,9,0,0,0,0
113,35,50,0,0,0,113,15,0,0,0,0
114,2917721,303,10993,372,1,3123,9,0,0,0,0
115,37,456,0,5,0,587,9,1,0,0,0
116,299938,1558,2580,3931,1,13302,9,0,0,0,0
117,1161,133,16,308,0,670,0,0,0,0,0
118,28,921,0,54,0,8,9,1,0,0,0
119,22,97,0,15,0,85,9,0,0,1,0
120,29270,24101,417,1571,1,2426,9,0,0,0,0
121,16547,13437,672,72,1,12467,9,0,0,1,0
122,2801091,843,21634,6552,1,14733,9,0,0,0,0
123,562918,653,9014,313,1,6339,9,0,0,0,0
124,3749,1,313,177,0,7931,9,0,0,0,0
125,35412,105,171,15,0,967,9,0,0,0,0
126,1749014,254,20641,0,1,470,9,1,0,1,0
127,138849,216,1511,6,1,987,9,0,0,1,0
128,4218370,5512,15813,655,1,44847,9,0,0,0,0
129,35476,150,880,1380,0,484,9,0,0,0,0
130,2142490,45023,7431,26993,1,16826,9,0,0,0,0
131,5960,1070,38,24299,1,9444,9,0,0,0,0
132,750,2657,266,8757,0,14773,10,0,0,0,0
133,34,204,0,0,0,0,15,1,1,0,0
134,7518766,13587,22620,4,1,6952,9,0,0,0,0
135,13011,2715,1019,73,1,1592,9,0,0,0,0
136,237490,314,1321,158,1,2230,9,0,0,0,0
137,166,294,15,77,0,261,9,0,0,0,0
138,31,58,0,8,0,11,9,0,0,0,0
139,26408349,41,66599,46,1,34592,9,0,0,0,0
140,48641,33,1029,0,1,0,9,1,0,0,0
141,96217,541,956,3705,1,3591,9,0,0,0,0
142,45,143,2,0,0,180,9,0,0,0,0
143,1173947,412,4627,743,1,24811,9,0,0,0,0
144,370920,272,9190,30,1,11766,9,0,0,1,0
145,7222,787,116,4,0,16034,9,0,0,1,0
146,878131,5044,3401,297,1,79503,9,0,0,1,0
147,15,83,0,0,0,1,9,1,1,0,0
148,20261,19440,469,7758,1,6949,9,0,0,0,0
149,4961351,742,13162,11859,1,36385,9,0,0,0,0
150,8800,2917,4,95,0,85,9,0,0,0,0
151,4347,419,16,2311,0,11333,9,0,0,0,0
152,2,79,0,1,0,2,15,1,1,0,0
153,4,35,0,0,0,4,9,1,0,0,0
154,72,96,1,78,0,191,9,0,0,1,0
155,2459472,1725,6202,8367,1,12868,13,0,0,0,0
156,3334308,374,14708,4363,1,8939,9,0,0,0,0
157,259280,28,4366,20,1,9517,9,0,0,0,0
158,325,104,18,12,0,151,9,0,0,0,0
159,13453399,679,48833,58,1,8652,9,0,0,0,0
160,542057,991,3527,20281,1,9030,9,0,0,0,0
161,1267,134,13,9912,0,7029,9,0,0,0,0
162,814594,144,5386,695,1,8341,9,1,0,0,0
163,36,519,0,139,0,133,9,1,0,0,0
164,2115097,3851,11112,90,1,27626,9,1,0,0,0
165,242,392,3,767,0,2064,9,0,0,0,0
166,27458,27182,165,233,0,91,9,1,0,1,0
167,2747,492,123,42,0,248,9,0,0,0,0
168,1026238,223642,7199,14499,1,19256,9,0,0,0,0
169,39,270,0,364,0,307,11,1,0,0,0
170,3654259,1336,1129,3557,1,3456,9,0,0,0,0
171,159613,6949,2975,220,1,5877,9,0,0,0,0
172,14,18,0,50,0,41,9,0,0,1,0
173,823,547,36,4812,0,1964,9,0,0,1,0
174,204,269,61,635,0,2672,9,0,0,0,0
175,76,1336,2,165,0,38,9,1,1,0,0
176,3517571,855,24528,185,1,23660,9,0,0,0,0
177,115,93,2,74,0,126,9,1,0,1,0
178,7901272,51,17736,231,1,9748,9,0,0,0,0
179,4457073,57,28,674,1,342,9,0,0,0,0
180,1073,197,5,8791,0,8452,0,0,0,1,0
181,10572149,1237,10028,2290,1,138227,9,0,0,0,0
182,3630,557,122,433,0,643,9,1,0,0,0
183,1,4,0,0,0,0,9,0,0,0,0
184,242,520,3,28,0,196,1,1,0,0,0
185,1513771,269684,11368,16453,1,8973,9,0,0,1,0
186,10795,21,185,9,1,36,9,0,0,0,0
187,328,1875,28,5,0,3335,11,1,0,0,0
188,5156022,398,15982,62,1,17715,9,0,0,0,0
189,1571,181,49,608,0,409,0,0,0,0,0
190,815583,178,4533,484,1,2391,9,0,0,0,0
191,25255491,671,51938,177,1,6976,9,0,0,0,0
192,50765,1401,1092,1957,1,7596,9,0,0,1,0
193,870,667,1,243,0,617,9,0,0,0,0
194,644027,559,3036,4051,1,15713,9,0,0,0,0
195,45385,158,877,13431,1,11153,9,0,0,0,0
196,4217692,12820,6511,39,1,31195,9,0,0,1,0
197,1877332,2190,13448,0,1,9362,9,0,0,0,0
198,34363304,909,187570,14320,1,269878,9,0,0,0,0
199,9192152,241,54812,11,1,18144,9,0,0,0,0
200,18,40,2,3,0,51,9,1,0,0,0
201,41,290,0,79,0,3,9,1,0,1,0
202,30615,6849,1896,12274,0,67431,9,0,0,1,0
203,3196,2536,135,6392,0,9983,9,0,0,0,0
204,174482,22566,105,112,0,5639,13,1,0,0,0
205,4077,2193,200,1913,0,2349,9,0,0,0,0
206,215,721,0,0,0,76,9,0,0,0,0
207,2540943,129,7363,767,1,4470,9,0,0,0,0
208,5555,296,63,11881,0,10335,9,0,0,0,0
209,1517993,3739,12313,1412,1,32702,9,0,0,0,0
210,397,2436,36,171,0,569,9,0,0,0,0
211,2039596,333,8897,42,1,3361,9,0,0,1,0
212,42,204,5,5490,0,580,9,1,1,0,0
213,112499,9471,2038,1,1,625,9,0,0,0,0
214,9216131,508,23565,6348,1,4304,9,0,0,1,0
215,112379,2116,73,2641,0,6421,0,1,0,1,0
216,2744,923,69,2157,0,9699,9,1,0,1,0
217,32,347,0,15,0,21,9,1,0,1,0
218,6296,47,1,12,0,179,16,0,0,0,0
219,216251,227,2357,88,1,1537,9,0,0,0,0
220,502303,13766,4875,3374,1,69778,11,0,0,1,0
221,176,96,3,1638,0,11388,9,0,0,0,0
222,22,161,0,4,0,6,11,1,1,0,0
223,12264,821,479,1390,1,2136,9,0,0,0,0
224,4639,491,108,0,0,7,9,0,1,0,0
225,9,128,0,70,0,17,9,1,0,0,0
226,22,102,0,4,0,26,9,1,0,0,0
227,68937,349,1324,18479,1,47114,9,0,0,0,0
228,5935044,2509,46336,175,1,34774,9,0,0,1,0
229,232,386,1,3798,0,2369,9,1,0,0,0
230,318621,603,6491,10838,1,18794,0,0,0,0,0
231,2073481,2952,9806,298,1,71174,9,0,0,1,0
232,197,599,2,135,0,1732,9,0,0,1,0
233,107622,76,1144,127,1,3900,15,0,0,1,0
234,1870168,637,8785,305,1,44689,9,0,0,0,0
235,947045,271,2618,88,1,4905,9,0,0,0,0
236,1583,852,61,5036,0,5602,9,0,0,0,0
237,200622,586,0,564,1,12902,9,0,0,0,0
238,354,21,37,0,1,225,9,0,0,0,0
239,1909411,17,11139,10994,1,27849,9,0,0,0,0
240,29270575,428,65474,350,1,6221,9,0,0,0,0
241,6578005,692,36256,87,1,9536,9,0,0,1,0
242,876,448,38,67,0,9732,9,0,0,1,0
243,15472164,1450,23557,77,1,22750,9,0,0,0,0
244,2254,200,45,573,0,3437,9,0,0,0,0
245,2419,1144,70,11257,0,7230,9,0,0,0,0
246,95,15,1,5,0,2240,9,0,0,0,0
247,758,654,5,7131,0,30413,0,0,0,1,0
248,314361,184,2624,389,1,10659,9,0,0,0,0
249,56805,3,1080,18,1,12376,9,0,0,0,0
250,126786,0,66,1084,0,7656,9,0,0,1,0
251,107,268,2,134,0,2906,9,0,0,0,0
252,1871284,9,2572,2,1,4238,9,0,0,0,0
253,30454,797,1024,500,1,4676,9,0,0,0,0
254,605365,60,5588,389,1,3652,9,0,0,0,0
255,6378,44,133,4458,0,7244,0,0,0,0,0
256,384507,199,3882,12,1,5206,9,0,0,0,0
257,1227898,1305,4355,736,1,3792,9,0,0,0,0
258,2,54,0,0,0,1,9,1,0,0,0
259,129,238,6,610,0,3678,9,1,0,0,0
260,3784246,15193,10243,2513,1,14535,9,0,0,0,0
261,669,613,11,6369,0,14133,11,0,0,1,0
262,399054,23907,7363,1,1,205,9,0,0,0,0
263,1,22,0,1,0,1,9,1,0,0,0
264,4763532,742,8997,158,1,20404,9,0,0,0,0
265,34960,530,1590,882,1,3882,9,0,0,1,0
266,151,1292,1,437,0,692,9,1,0,0,0
267,86,2924,0,0,0,670,10,0,0,0,0
268,171,269,3,20,0,8061,9,1,0,0,0
269,8476840,2836,129832,631,1,227103,9,0,0,0,0
270,269,368,2,3,0,1896,9,0,0,0,0
271,504,207,24,27,0,1546,9,0,0,0,0
272,578,310,79,574,0,379,12,0,0,1,0
273,384433,423,1872,1356,1,9924,9,0,0,1,0
274,69,293,2,234,0,107,9,0,0,1,0
275,2,44,0,1,0,2,9,1,1,0,0
276,22703994,1,88796,0,1,2895,9,0,0,0,0
277,3057658,32,39970,0,1,2054,9,0,0,0,0
278,228,64,5,1449,0,1015,0,0,0,1,0
279,46,12,12,986,0,6083,9,0,0,0,0
280,372,396,78,381,0,440,9,1,0,0,0
281,36,107,3,47,0,27,9,0,0,1,0
282,16260659,2742,44143,2138,1,38435,9,0,0,0,0
283,108,226,0,741,0,1570,9,0,0,0,0
284,121,592,13,1690,0,1085,10,1,0,1,0
285,4799319,943150,34624,107,1,10405,9,0,0,0,0
286,25887,2623,411,17033,0,14258,9,0,0,0,0
287,1427838,139,21577,0,1,4735,9,0,0,0,0
288,11,80,0,0,0,1,9,0,0,0,0
289,796718,284,13670,2666,1,17149,9,0,0,0,0
290,135677,1708,907,11340,1,23655,9,0,0,0,0
291,3673,1485,216,5263,0,11406,9,1,0,0,0
292,1803087,504,10029,3,1,5653,9,0,0,0,0
293,21,23,0,0,0,3,9,1,0,0,0
294,283215,852,13208,54595,1,81749,9,0,0,1,0
295,68,255,0,0,0,6,9,1,1,0,0
296,198739,9867,2697,375,1,3957,9,0,0,0,0
297,23477,2,653,120,0,59325,9,1,0,0,0
298,67,496,0,0,0,3,9,1,0,0,0
299,288,298,1,2949,0,2933,9,1,0,0,0
300,186,858,10,145,0,307,9,0,0,1,0
301,1526,1346,5,3332,0,8662,9,0,0,1,0
302,7011,315,173,1820,0,631,9,0,0,0,0
303,131328,147,2384,72,1,207,9,0,0,0,0
304,1867,2913,202,1375,0,6544,9,0,0,0,0
305,1039625,176,3687,29,1,825,6,0,0,0,0
306,40,117,1,13,0,48,9,0,0,0,0
307,1876,826,113,59,1,19476,9,0,0,0,0
308,330,302,6,2,0,2079,9,1,0,1,0
309,56633,4299,1150,13506,1,13037,9,0,0,0,0
310,1391,477,108,15572,0,74779,0,0,0,0,0
311,72,703,0,65,0,4,9,1,0,1,0
312,4060,95,24,39,0,26,9,0,0,1,0
313,560,378,29,902,0,1134,9,0,0,0,0
314,780560,4806,9400,3856,1,22261,9,0,0,0,0
315,3,30,0,0,0,1,12,0,0,0,0
316,5340224,614,11429,17365,1,10586,9,0,0,0,0
317,5633,5821,223,480,1,11198,9,0,0,0,0
318,1047,299,28,958,0,3098,0,0,0,0,0
319,180,355,18,227,0,400,9,0,0,0,0
320,22641,6044,715,40,1,15371,9,0,0,0,0
321,12464997,50549,57800,144,1,22034,9,0,0,1,0
322,391,1417,12,22986,0,12551,9,0,0,0,0
323,3,8,0,1,0,13,9,1,0,0,0
324,35,134,7,17,0,989,9,0,0,0,0
325,10,25,0,0,0,9,9,1,0,1,0
326,58,0,4,129,0,473,9,0,0,0,0
327,9942270,462,34321,13944,1,7312,9,0,0,0,0
328,13,50,0,5,0,1,9,1,0,0,0
329,13616221,760,37316,1178,1,9824,9,0,0,1,0
330,21,33,0,47,0,702,15,0,0,0,0
331,81,80,0,1356,0,3243,9,0,0,0,0
332,0,40,0,27,0,57,9,1,0,0,0
333,158352,509,3533,13,0,63293,9,0,0,0,0
334,42483,2692,1235,246,0,29976,9,0,0,0,0
335,147994,68994,2569,20839,1,100848,9,0,0,0,0
336,2,4,0,0,0,1,9,1,1,0,0
337,12,94,1,44,0,103,9,1,0,0,0
338,114,128,3,43,0,6325,9,0,0,0,0
339,4309,2316,296,2583,0,5690,9,0,0,0,0
340,777892,281,545,226,1,1575,9,0,0,0,0
341,127,816,15,469,0,321,9,0,0,0,0
342,22888,366,541,133,1,382,9,0,0,1,0
343,36,95,0,9,0,13,9,1,0,0,0
344,27013,999,641,10516,0,13642,9,0,0,0,0
345,5,237,0,0,0,2,9,1,0,1,0
346,2282,275,65,493,0,4757,9,0,0,0,0
347,2060,661,80,374,0,6003,9,0,0,1,0
348,1108807,1662,7220,2877,1,27085,9,0,0,1,0
349,208,190,0,180,0,81,9,0,0,1,0
350,392,638,22,110,0,4530,0,1,0,0,0
351,198799,11115,3013,220,1,8140,9,0,0,0,0
352,352,125,26,31,0,582,9,0,0,0,0
353,348,809,18,299,0,3220,9,0,0,0,0
354,698,589,2,1508,0,7967,9,0,0,0,0
355,350009,139,3673,240,1,30346,9,0,0,0,0
356,120310,1531,366,34,1,2989,9,0,0,0,0
357,36,6,0,13,0,10,9,1,0,0,0
358,595,345,1,4627,0,887,9,1,0,1,0
359,98,667,0,712,0,613,9,1,0,0,0
360,2,10,0,0,0,2,9,1,1,0,0
361,1,19,0,0,0,1,19,1,1,0,0
362,358,5000,12,73,0,1236,9,0,0,0,0
363,628,1814,8,115,0,2991,9,0,0,1,0
364,20146302,9,20339,15,1,467,9,0,0,0,0
365,50549694,95,86635,0,1,2822,10,0,0,0,0
366,89841,2,3150,30,1,55,9,1,0,0,0
367,1983513,1675,28504,2658,1,40938,9,0,0,0,0
368,256832,657,3930,45,1,2724,9,0,0,0,0
369,2811157,236,9805,1676,1,128,9,0,0,0,0
370,99,220,1,16,0,61,9,0,0,1,0
371,5,86,0,28,0,152,9,1,0,0,0
372,771,437,33,114,0,658,9,1,0,0,0
373,104,251,1,20,0,195,9,0,0,0,0
374,6791,5109,54,0,0,2756,9,0,0,0,0
375,1591765,1862,2118,1655,1,36715,9,0,0,0,0
376,1830,2002,57,197,0,535,0,1,0,0,0
377,2740,2000,59,2699,0,9469,0,0,0,1,0
378,23763283,81,29416,14,1,56274,9,0,0,0,0
379,2632,730,106,15604,1,5130,9,0,0,1,0
380,3954261,907,12927,185,1,16589,9,0,0,0,0
381,613,169,10,122,0,71,3,0,0,0,0
382,5336,132,36,8362,1,2289,0,0,0,0,0
383,139867,1027,2042,6711,1,10958,9,0,0,0,0
384,101905,750,280,1468,1,3714,9,1,0,0,0
385,1337,539,76,264,1,259,9,0,0,0,0
386,36,445,1,12,0,37,9,0,0,0,0
387,11473,1659,891,1321,1,5239,9,0,0,0,0
388,1193,2268,43,1437,0,2991,9,0,0,0,0
389,1191689,102,4258,361,1,2568,9,0,0,0,0
390,1761958,1328,3109,3832,1,26740,9,0,0,0,0
391,289,124,32,2524,0,2770,9,1,0,0,0
392,115,154,1,4,0,4158,9,0,0,0,0
393,104765,7128,6189,3256,1,13703,9,0,0,0,0
394,581275,1671,7462,399,1,54262,9,0,0,0,0
395,16,19,0,6,0,37,9,0,0,0,0
396,14732,491,225,1167,1,5376,9,0,0,0,0
397,120,173,0,99,0,14668,9,0,0,0,0
398,16845,10,113,0,0,446,4,0,0,0,0
399,118242,429,2996,2752,1,5329,9,0,0,0,0
400,7941334,337,22762,73,1,13696,9,0,0,0,0
401,7784893,478,7394,31,1,3666,15,0,0,0,0
402,1818,3727,5,142,0,978,9,0,0,1,0
403,24,227,0,25,0,13,9,0,0,0,0
404,2671727,92031,14909,100,1,58530,9,0,0,0,0
405,293227,745,1345,826,0,10289,9,0,0,0,0
406,119,165,5,22,0,115,0,0,0,0,0
407,18747,1284,422,2148,0,675,9,1,0,0,0
408,122,821,0,3,0,16,9,1,0,0,0
409,221,1056,5,14344,0,3394,9,0,0,1,0
410,91,80,1,9,0,13524,9,0,0,0,0
411,987,244,90,2090,0,13859,9,0,0,0,0
412,5654090,1020,10484,10588,1,107432,9,0,0,0,0
413,26243562,90,60822,177,1,2650,9,0,0,0,0
414,6,9,0,0,0,9,9,1,1,0,0
415,11600,1271,253,5573,1,5832,0,0,0,1,0
416,2016,67,56,86,0,24,9,1,0,0,0
417,24244,24852,742,26,0,1568,15,0,0,0,0
418,177335,1609,4538,4609,1,12818,9,0,0,0,0
419,3119501,10296,11444,4007,1,10888,9,0,0,1,0
420,318163,759,1961,125,1,22964,9,0,0,0,0
421,15,153,0,1375,0,29,9,1,0,0,0
422,13445608,202,42817,3983,1,7784,9,0,0,0,0
423,147,875,2,341,0,296,9,0,0,0,0
424,49,1156,0,43,0,7,9,1,0,1,0
425,437194,389732,3229,22862,1,19312,9,0,0,1,0
426,16079,1884,19,1619,0,5502,9,0,0,1,0
427,146,932,0,3,0,9,9,0,0,0,0
428,14,28,0,0,0,52,9,0,0,0,0
429,3848,1234,382,41,1,31379,9,0,0,0,0
430,16036429,8,11251,0,1,310,9,1,0,0,0
431,31,88,1,244,0,184,9,1,0,0,0
432,173,335,1,17,0,242,9,0,0,0,0
433,358,177,9,1941,0,3246,9,1,0,0,0
434,3917025,401,19708,15,1,47384,9,0,0,0,0
435,31,39,2,94,0,1856,15,0,0,0,0
436,66368,636,838,338,1,1976,9,0,0,0,0
437,158317,283,1088,9,1,1372,9,0,0,1,0
438,4,29,0,2,0,109,15,1,0,0,0
439,177,608,2,98,0,191,9,0,0,0,0
440,2370,1394,106,13440,0,8528,9,0,0,0,0
441,4047,4042,6,23,0,3155,9,1,0,0,0
442,680,36,79,6,0,7068,9,1,0,0,0
443,14347,543,458,17549,0,7018,9,1,0,0,0
444,1422,2075,7,4953,0,31699,9,0,0,1,0
445,3500781,92,18455,6003,1,26110,9,0,0,0,0
446,681,1988,43,1332,0,8826,9,0,0,0,0
447,3875,1256,399,1428,0,5375,9,0,0,0,0
448,638899,29303,5888,554,1,9588,9,0,0,0,0
449,4487539,2383,43169,436,1,5887,9,0,0,0,0
450,1951,125,57,10,0,170,9,1,0,0,0
451,86,228,0,2,0,15,9,1,0,1,0
452,747212,4206,6562,209,1,18438,9,0,0,0,0
453,33451,130,836,124,1,2023,9,0,0,0,0
454,48,13,0,0,0,10,9,0,0,0,0
455,45663,285,1423,5961,1,18715,9,0,0,0,0
456,96,241,2,600,0,527,9,0,0,0,0
457,13,88,1,6,0,10,18,1,0,0,0
458,2028,951,15,57,1,3284,15,0,0,0,0
459,968882,364,9457,80,1,65697,9,1,0,0,0
460,3877,379,212,7220,0,4348,9,0,0,0,0
461,195974,949,1781,1945,1,6786,9,0,0,0,0
462,1382376,2286,9823,17873,1,23113,9,0,0,0,0
463,1030609,4200,5333,746,1,18369,9,0,0,1,0
464,36,119,0,1,0,76,15,0,0,0,0
465,12036,1277,677,41387,1,40779,9,0,0,0,0
466,40,98,0,0,0,18,9,1,0,1,0
467,152,241,2,138,0,9795,9,0,0,0,0
468,121,255,1,0,0,83,9,1,0,0,0
469,16,81,0,0,0,1,13,0,0,0,0
470,193,268,0,139,0,4714,9,0,0,0,0
471,9,38,0,0,0,12,9,1,1,0,0
472,887384,343,5325,1032,1,52594,9,0,0,0,0
473,10943449,501,23938,186,1,547,2,0,0,0,0
474,206,486,5,2576,0,1696,15,0,0,0,0
475,1645,48,147,1,1,64,9,0,0,0,0
476,4119379,698,8561,29,1,5551,9,0,0,0,0
477,443,770,0,2,0,237,15,0,0,0,0
478,53162,9697,1492,13935,0,29466,11,1,0,0,0
479,321,420,4,22,0,411,9,0,0,1,0
480,89537,7950,6038,10897,1,55289,9,0,0,1,0
481,118101,995,2280,31928,1,24564,9,0,0,1,0
482,144137,1,3753,1,1,377,9,0,0,0,0
483,15,53,0,396,0,279,9,1,0,0,0
484,2077766,113,5359,74,1,2274,9,0,0,0,0
485,31289,167,660,1002,1,980,9,0,0,0,0
486,1219685,608,7976,53,1,111113,9,0,0,0,0
487,912,1167,56,3953,0,23127,9,0,0,0,0
488,533222,3,3522,0,0,790,9,0,0,0,0
489,20,126,0,3,0,86,15,0,0,0,0
490,9905,15,356,24,0,57,9,0,0,0,0
491,6965816,235,12716,15,1,697,9,0,0,0,0
492,5927,991,100,7978,0,91535,9,0,0,0,0
493,53272,433,208,35444,1,3840,0,0,0,1,0
494,193168,0,2524,0,1,96,9,1,0,0,0
495,22212,226,0,3,1,4457,9,0,0,0,0
496,17194019,143,36881,40,1,853,9,0,0,0,0
497,2198503,178,20259,10,1,2025,9,0,0,0,0
498,7467659,13,19386,0,1,774,9,0,0,1,0
499,7867058,189,1987,122,1,6639,9,0,0,0,0
500,33147,1220,1216,3529,1,10893,9,0,0,0,0
501,423831,739,232,2305,1,4703,9,1,0,0,0
502,11530,448,282,122,1,546,9,1,0,0,0
503,30220786,3,126490,0,1,31444,9,0,0,0,0
504,32463,0,795,54,0,264,19,0,0,1,0
505,232,238,3,2721,0,33238,9,0,0,0,0
506,397,684,3,5430,0,5649,9,1,0,0,0
507,73,116,1,12,0,288,9,1,0,0,0
508,7614166,62,10958,0,1,4630,9,0,0,0,0
509,8217,2927,368,756,1,1396,9,0,0,0,0
510,489055,741,1221,53,0,17634,9,0,0,0,0
511,1155105,6540,2358,1795,1,14188,9,0,0,0,0
512,4797,1859,443,1402,0,3571,9,0,0,0,0
513,1780,820,55,587,0,1827,9,0,0,0,0
514,31364,976,1426,99,1,3041,9,0,0,0,0
515,174,347,2,50,0,534,9,1,0,0,0
516,63,103,0,2,0,81,9,0,0,0,0
517,374,3,18,0,0,6426,9,0,0,0,0
518,1451736,455,13978,11580,1,15000,9,0,0,0,0
519,65,248,1,149,0,106,9,1,0,0,0
520,416318,567,173,8652,1,4551,9,0,0,0,0
521,5,11,0,0,0,0,9,1,0,0,0
522,301788,46,2199,0,1,177,5,1,0,0,0
523,863,743,12,579,0,1090,10,0,0,1,0
524,67,222,0,0,0,105,9,0,0,0,0
525,467278,5278,12007,161887,1,131869,9,0,0,0,0
526,1617508,326,8249,788,1,17816,9,0,0,0,0
527,2838072,261,7044,27,1,15473,9,0,0,0,0
528,11,86,0,14,0,12,9,1,0,0,0
529,1696767,350,16478,167,1,1362,9,1,0,0,0
530,5299213,72,7392,698,1,2725,9,0,0,0,0
531,3165,4879,31,615,0,25509,9,1,0,0,0
532,314,272,4,2068,0,4439,15,0,0,0,0
533,5766,333,565,0,1,358,9,0,0,0,0
534,13,47,0,0,0,2,9,0,0,0,0
535,136,300,5,95,0,1748,11,0,0,0,0
536,2944752,555,32524,32759,1,30143,9,0,0,1,0
537,259698,150,3311,8,1,2571,9,0,0,0,0
538,301,285,7,1326,0,3379,9,0,0,0,0
539,85,254,0,159,0,431,9,0,0,0,0
540,346848,2306,5430,2419,1,16244,9,0,0,0,0
541,8,170,0,1538,0,14,9,1,0,0,0
542,482,661,33,570,0,756,9,0,0,1,0
543,398626,1141,2199,2348,1,39023,9,0,0,1,0
544,3221,868,273,26430,0,17725,9,0,0,0,0
545,165,993,2,82,0,131,9,1,0,1,0
546,324,340,4,1051,0,273,9,0,0,0,0
547,2072685,636,19799,12477,1,65353,9,0,0,0,0
548,506,257,4,1863,0,34250,9,0,0,0,0
549,2676782,224,15949,645,1,4278,9,0,0,0,0
550,994,4663,31,16205,0,6836,11,0,0,0,0
551,590265,440,4305,451,1,3698,9,0,0,0,0
552,32,79,0,0,0,493,9,0,0,0,0
553,507,1655,10,2835,0,3053,9,0,0,1,0
554,369,783,19,161,0,875,9,1,0,0,0
555,493450,509,6483,51,1,15252,9,0,0,0,0
556,45736,1,1739,1,0,18,9,1,0,0,0
557,29606,28121,343,15310,0,741849,0,1,0,0,0
558,259,991,0,0,0,0,9,1,0,0,0
559,947,1587,34,5482,0,23747,9,1,0,0,0
560,28474,970,275,18,1,9767,9,0,0,0,0
561,521,473,19,78,0,2377,9,0,0,0,0
562,91,78,1,261,0,742,15,0,0,0,0
563,21552,661,473,8249,0,4166,9,0,0,0,0
564,323,983,2,1900,0,4537,9,0,0,1,0
565,24,188,4,52,0,139,9,1,0,1,0
566,11443,227,293,1128,0,794,9,1,0,0,0
567,73,265,2,43,0,237,9,0,0,0,0
568,45,126,0,1024,0,85,9,1,0,0,0
569,240,2,13,0,0,3622,9,0,0,0,0
570,83720371,244,122731,2103,1,4161,9,0,0,0,0
571,32,1589,0,0,0,2,9,1,0,0,0
572,9548,4779,185,29,0,1931,15,0,0,0,0
573,7973,6,450,1,1,702,9,0,0,0,0
574,39,174,2,7,0,33,19,0,0,0,0
575,1145,1005,110,1614,0,6848,9,0,0,0,0
576,253,168,2,9844,0,12884,9,0,0,0,0
577,290004,101,613,207,1,392,9,1,0,0,0
578,13393,994,735,4163,1,6454,9,0,0,1,0
579,809524,185,7290,250,1,22610,9,0,0,0,0
580,968219,1348,1856,1320,1,31719,15,0,0,0,0
581,381,197,33,2822,0,3064,12,0,0,0,0
582,139,742,0,119,0,329,9,0,0,0,0
583,378,207,9,33,0,451,9,1,0,0,0
584,2381045,78,7850,25,1,13979,9,0,0,0,0
585,756810,286,4175,430,1,897,9,0,0,0,0
586,130177,380,3206,733,1,3466,9,0,0,0,0
587,27878790,1688,20383,0,1,14354,9,0,0,1,0
588,2143,661,45,3322,0,13160,9,0,0,0,0
589,12,110,0,1,0,10,9,1,0,0,0
590,5698734,1417,23167,68,1,25791,9,0,0,0,0
591,99465,958,2435,352,1,3422,9,0,0,1,0
592,1985,1941,138,11191,1,9367,9,0,0,1,0
593,1437839,334,10299,123,1,6637,9,0,0,0,0
594,1175,1988,38,340,0,641,9,0,0,0,0
595,947282,80,1962,19,1,340,9,0,0,0,0
596,57,202,2,8,0,30,9,0,0,0,0
597,64,90,2,322,0,226,9,1,0,0,0
598,325,484,2,4,0,358,9,0,0,1,0
599,303837,44,1662,6,1,295,9,0,0,0,0
600,268,691,4,700,0,7006,9,0,0,1,0
601,687819,289,5197,4662,1,16654,9,0,0,0,0
602,14896759,78,22872,38,1,1361,9,1,0,0,0
603,15770327,546,40094,636,1,12438,9,0,0,0,0
604,1434,4374,39,24,0,61024,9,0,0,1,0
605,5904,5767,94,5044,0,381,9,0,0,1,0
606,349930,845,4885,70,1,20775,9,1,0,0,0
607,227,375,3,94,0,209,9,1,0,0,0
608,83078,368,1506,10,1,7708,9,0,0,0,0
609,13,25,0,7,0,0,9,0,0,0,0
610,250,410,4,3650,0,837,9,0,0,1,0
611,513333,243,3857,48,1,1707,9,0,0,0,0
612,91,159,0,74,0,80,9,1,0,1,0
613,140359,119,805,6255,1,4943,9,0,0,0,0
614,5458,4382,351,27939,0,6819,9,0,0,0,0
615,41,182,2,57,0,65,9,1,0,0,0
616,79,244,0,821,0,4018,9,0,0,0,0
617,4125,4064,42,64325,0,90448,0,0,0,1,0
618,9,30,0,0,0,6,9,1,1,0,0
619,33419,1245,1067,1584,1,8469,9,0,0,0,0
620,820444,505,3301,1557,1,1884,9,0,0,0,0
621,383,531,12,5447,0,8275,9,0,0,1,0
622,13519,32,485,2053,0,1311,9,1,0,0,0
623,287,597,18,16386,0,5830,9,0,0,1,0
624,1549,734,25,2312,0,12909,9,0,0,1,0
625,1117918,750,15515,142,1,37334,9,0,0,0,0
626,49,475,0,693,0,8,0,0,0,0,0
627,156924,1274,1754,185,1,53377,9,0,0,0,0
628,138,478,0,31,0,258,9,0,0,0,0
629,910,1008,23,1701,0,2441,9,0,0,1,0
630,173393,89,2056,112,1,551,9,0,0,1,0
631,25076,4654,909,100,1,11838,9,0,0,0,0
632,1825704,7,1182,20,1,3781,9,0,0,0,0
633,2686362,300,11904,978,1,14498,9,0,0,0,0
634,4358,850,123,3257,1,3047,9,0,0,0,0
635,775,953,1,319,0,428,0,1,0,1,0
636,346,280,2,1736,0,6008,15,0,0,0,0
637,116573,1280,3005,5628,1,33071,9,0,0,0,0
638,8637650,2001,7746,81,1,9769,9,0,0,0,0
639,1737956,664,28572,2366,1,11089,9,0,0,0,0
640,318,189,9,3354,0,5456,9,0,0,0,0
641,4440,423,160,18,1,2229,9,0,0,0,0
642,4255,267,132,564,1,577,9,0,0,1,0
643,533146,454,4398,111,1,9671,9,0,0,1,0
644,10576,91,510,731,0,12888,9,0,0,0,0
645,29,207,0,8,0,7,11,1,0,1,0
646,1676505,246,5623,116,1,15668,9,0,0,0,0
647,3878570,652,7177,18,1,20050,9,0,0,0,0
648,426,602,45,1143,0,6719,9,0,0,0,0
649,5273,293,82,377,0,6636,9,0,0,1,0
650,3342242,799,945,3517,1,5428,9,0,0,0,0
651,2,30,0,0,0,2,20,1,0,0,0
652,9942665,462,3447,13946,1,7312,0,0,0,0,0
653,7519,7,282,93,0,11363,9,0,0,0,0
654,35,105,0,9,0,17,9,0,0,1,0
655,632,290,27,21124,0,32183,9,0,0,0,0
656,78,41,0,6628,0,4249,9,1,0,0,0
657,65691,2176,5574,29498,1,44708,9,0,0,1,0
658,202929,605,2001,3278,1,25837,9,0,0,0,0
659,125901,1791,846,1151,1,5252,9,0,0,0,0
660,908,1047,43,1544,0,1639,9,0,0,0,0
661,265,238,4,139,0,534,9,0,0,0,0
662,193,208,5,851,0,4047,9,0,0,0,0
663,33713,37,1934,5,1,768,9,0,0,0,0
664,1961954,420,4731,879,1,1389,0,1,0,0,0
665,69,586,7,39359,0,9474,0,0,0,1,0
666,9446,1020,129,14328,1,11364,9,0,0,1,0
667,17289,127,481,3432,1,5383,9,0,0,0,0
668,405,324,9,1461,0,29930,9,0,0,0,0
669,1344610,2006,11357,949,1,11970,9,0,0,0,0
670,278,3370,0,485,0,48,9,1,0,0,0
671,8313,2,695,0,1,532,9,1,0,0,0
672,9005238,781,22356,5483,1,10714,9,0,0,0,0
673,51314111,392225,123643,2358,1,5126,9,0,0,0,0
674,46,54,0,39,0,194,9,0,0,0,0
675,45,146,3,7,0,36,9,0,0,0,0
676,1336587,512,23711,2208,1,17125,9,0,0,0,0
677,25253,152,970,1582,1,36172,9,0,0,0,0
678,92,97,3,0,0,1436,9,0,0,0,0
679,57,150,0,2,0,749,9,0,0,0,0
680,162,303,4,302,0,435,9,0,0,1,0
681,1647,36,7,59,0,107,9,1,0,0,0
682,5324,184,151,1350,1,2631,9,0,0,1,0
683,4656143,1267,12753,2456,1,11252,9,0,0,0,0
684,482,987,10,731,0,405,9,1,0,1,0
685,18,346,0,24,0,109,9,1,0,1,0
686,2022,690,128,6544,0,5234,9,0,0,0,0
687,4870150,41019,14970,5886,1,57218,0,0,0,1,0
688,5167871,55,21599,18897,1,118147,9,0,0,1,0
689,2,5,0,3,0,6,9,1,0,0,0
690,1109011,2190,6071,1117,1,19387,9,0,0,0,0
691,198296,562,2685,5106,1,7014,9,0,0,0,0
692,203,97,20,1218,0,570,8,0,0,0,0
693,6569,608,114,1600,1,1212,9,0,0,0,0
694,66500,2456,1385,223,1,25109,9,0,0,0,0
695,7,19,0,16,0,13,9,1,0,0,0
696,726,85,8,2580,0,1013,9,0,0,1,0
697,250,523,8,3313,0,596,9,0,0,0,0
698,22527443,52,39873,21,1,55709,11,0,0,0,0
699,1683151,754,5079,297,1,33056,11,0,0,0,0
700,3159194,408,14976,13,1,5701,9,0,0,0,0
701,2985240,956,10273,62,1,13677,9,0,0,0,0
702,96486,572,530,2104,1,3385,9,0,0,0,0
703,35169,718,715,2907,1,3764,9,1,0,0,0
704,85681083,630949,222411,10,1,15439,9,0,0,1,0
705,124,160,1,11,0,542,9,0,0,0,0
706,3660670,279,16081,1816,1,7446,9,0,0,0,0
707,12790920,24,46994,0,1,763,9,0,0,0,0
708,12,161,0,8,0,269,9,0,0,1,0
709,7,55,0,0,0,19,9,1,0,0,0
710,645,652,15,598,0,359,9,1,0,1,0
711,13992,1211,557,246,0,1109,9,0,0,0,0
712,164514,57213,5246,2273,0,60041,9,0,0,0,0
713,234332,357,2475,3788,0,4840,9,1,0,0,0
714,386,539,24,1851,0,4672,9,0,0,1,0
715,803334,9226,4170,2529,1,33583,9,0,0,0,0
716,2833,6,97,0,0,11889,9,1,0,0,0
717,2605029,171,7284,1,1,3818,9,0,0,0,0
718,537,390,7,139,0,4150,9,0,0,1,0
719,353,227,18,5897,0,8010,9,0,0,0,0
720,179,684,0,0,0,1421,9,1,0,0,0
721,24022023,353,45710,1007,1,1566,9,0,0,0,0
722,13,130,0,0,0,8,9,1,0,0,0
723,14709,2975,603,1422,0,340788,9,0,0,0,0
724,1568426,828,5667,1670,1,3017,9,0,0,0,0
725,51782,587,80,1021,1,435,9,1,0,0,0
726,19306,33,428,1576,1,1587,9,0,0,0,0
727,16,137,0,2,0,3,9,1,0,0,0
728,3273,3296,0,34,0,3374,9,1,0,0,0
729,4520644,2041,12661,13280,1,9362,9,0,0,0,0
730,45601,138,1303,1218,1,2516,9,1,0,1,0
731,217,1207,15,333,0,918,9,0,0,0,0
732,956,406,91,288,0,2317,9,0,0,0,0
733,96321564,203,142370,4272,1,7837,9,0,0,1,0
734,88,259,0,3,0,12,9,0,0,0,0
735,365,1751,1,24,0,13618,15,0,0,0,0
736,903862,8,1159,1,0,21057,9,0,0,0,0
737,1569900,81,2516,4,1,1153,9,0,0,0,0
738,128,133,2,0,0,1969,9,0,0,0,0
739,1059,3599,254,1150,0,17857,9,0,0,1,0
740,1806,1146,46,1671,0,2597,9,0,0,0,0
741,6964,322,121,2030,1,5099,9,0,0,0,0
742,464418,373,6406,43,1,4906,9,0,0,0,0
743,206,295,0,1506,0,13562,9,0,0,1,0
744,348713,976,3308,1762,1,32693,9,0,0,1,0
745,2916050,440,4830,3195,1,10546,9,0,0,0,0
746,14316643,44,6377,45,1,1080,9,0,0,1,0
747,2028,615,49,95,0,942,0,0,0,0,0
748,10,106,0,6,0,10,9,1,0,1,0
749,189143,4853,1378,207,1,31170,9,0,0,0,0
750,137,843,22,11395,0,3361,9,1,0,0,0
751,43,8,0,1,0,403,14,1,0,0,0
752,6962978,724,16620,524,1,2357,9,0,0,0,0
753,44,67,0,0,0,954,9,1,0,0,0
754,132,538,0,25,0,25,11,1,0,0,0
755,5390,58,147,145,1,2222,9,0,0,0,0
756,17342,276,471,1143,1,6038,9,0,0,0,0
757,175233,791,953,41,1,18087,9,0,0,0,0
758,6696,5379,172,756,0,5688,9,0,0,0,0
759,90,62,1,68,0,5453,9,0,0,0,0
760,8740007,9,9992,1127,1,36200,9,0,0,0,0
761,28,80,0,2,0,225,15,0,0,0,0
762,38,431,0,12,0,16,9,0,0,0,0
763,47159,363,2260,485,1,13111,9,0,0,0,0
764,10,69,2,9,0,1074,9,1,1,1,0
765,475342,875,4104,945,1,18352,9,0,0,0,0
766,32,30,2,11,0,12,9,1,0,0,0
767,301,786,10,561,0,1814,9,0,0,0,0
768,24,85,0,11,0,7,9,1,1,0,0
769,7725360,40,33874,386,1,2710,9,0,0,0,0
770,8674,50,8,47,0,354,9,1,0,0,0
771,374816,1090,2651,7960,1,22667,9,0,0,0,0
772,743,1555,1,357,0,2410,9,0,0,0,0
773,175303,12,4762,0,1,25,9,0,0,0,0
774,19282828,1508,47922,814,1,6416,9,0,0,0,0
775,4689644,957,16655,7016,1,66208,9,0,0,0,0
776,10648215,178,5353,168,1,19489,9,1,0,0,0
777,10599,2788,123,270098,1,6111,9,0,0,1,0
778,40307926,1734,53687,6375,1,10480,9,0,0,1,0
779,67748,2194,683,1619,1,4756,9,0,0,0,0
780,709357,25237,2495,1448,1,6625,9,0,0,0,0
781,228,335,29,73,0,697,9,0,0,0,0
782,458212,710,4944,4586,1,7554,9,0,0,0,0
783,151,437,0,96,0,810,9,0,0,1,0
784,76975,197,2119,4131,1,1743,9,0,0,0,0
785,23611,706,1331,1345,1,9842,9,0,0,0,0
786,1475745,2372,8017,1616,1,17002,9,0,0,0,0
787,10100,31,567,897,0,2090,9,1,0,0,0
788,89,64,3,164,0,249,9,1,0,0,0
789,61,66,0,0,0,255,9,0,0,0,0
790,96801,310,895,23,1,25003,9,0,0,0,0
791,4126,4721,372,1959,0,8386,9,0,0,0,0
792,368069,620,4277,7263,1,13659,9,0,0,0,0
793,416856,35568,2920,1215,1,3013,9,0,0,0,0
794,141730,582,2386,24,1,1281,9,1,0,0,0
795,43,269,0,2,0,27,9,1,0,0,0
796,1359462,978964,7101,11517,1,16099,9,0,0,0,0
797,46472564,1272,133825,135,1,4200,9,0,0,0,0
798,94472,66,62,336,1,857,9,0,0,0,0
799,24,17,0,0,0,3064,9,0,0,0,0
800,1182355,272,9485,2498,1,9677,9,0,0,0,0
801,266,1090,18,553,0,379,10,1,0,0,0
802,7,68,0,8,0,15,9,1,0,1,0
803,46,70,2,205,0,173,9,0,0,0,0
804,1738,255,21,1880,0,2120,9,1,0,0,0
805,411,2060,0,115,0,250,9,0,0,1,0
806,5917438,1419,26370,1365,1,19002,9,0,0,1,0
807,11003417,0,31469,423,1,7628,9,0,0,0,0
808,743721,55,1219,7,0,8332,9,0,0,0,0
809,61,726,1,826,0,232,9,1,0,1,0
810,15307,774,360,843,1,2786,9,0,0,0,0
811,4,14,0,18,0,29,9,1,1,0,0
812,2786,2608,1562,34817,0,36290,9,0,0,1,0
813,70,354,8,60,0,5074,2,0,0,0,0
814,724989,751,6262,97,1,4179,9,0,0,0,0
815,1353547,11248,3914,2013,1,24483,9,0,0,0,0
816,2936656,779,22532,1188,1,37440,9,0,0,0,0
817,376564,423,734,5306,1,1747,9,0,0,0,0
818,375395,856,2743,1051,1,12859,9,0,0,0,0
819,215,162,27,421,0,2450,9,0,0,1,0
820,210,95,1,398,0,9462,15,0,0,0,0
821,41,72,2,2737,0,9615,9,0,0,1,0
822,2018998,2367,9238,1733,1,11443,9,0,0,1,0
823,19088,700,352,1948,1,9310,9,0,0,0,0
824,167,272,0,73,0,634,9,0,0,1,0
825,214,746,3,155,0,1177,9,0,0,0,0
826,19309,1202,1139,254,1,5036,9,0,0,0,0
827,207,746,1,1690,0,794,9,1,0,0,0
828,1527,777,9,28218,0,42282,9,0,0,1,0
829,57,947,0,0,0,25,9,1,0,0,0
830,212,163,13,4,0,225,9,0,0,0,0
831,156517,956,1271,29,1,21659,9,0,0,0,0
832,23008,183,986,0,0,4575,9,0,1,0,0
833,177,459,1,3950,0,2248,0,0,0,0,0
834,1044180,557,3582,5,1,2389,10,0,0,0,0
835,9,21,0,19,0,6,9,1,0,0,0
836,3664718,35,15921,1,1,770,9,0,0,0,0
837,49222,8,1772,19,0,489,9,1,0,0,0
838,777,614,41,690,0,499,9,0,0,0,0
839,47395,1099,3332,714021,1,24623,9,0,0,1,0
840,180,145,0,411,0,180,9,1,0,1,0
841,588,1532,25,268,0,6773,15,0,0,0,0
842,27,87,3,78,0,63,9,0,0,0,0
843,97,279,0,42,0,16,9,0,0,1,0
844,7088,354,418,546,0,309,9,1,0,0,0
845,24,12,0,0,0,59,9,0,0,0,0
846,59480,26,469,2295,1,11879,9,0,0,0,0
847,442,1239,3,18,0,1617,15,0,0,0,0
848,116,216,0,40,0,2440,15,0,0,0,0
849,821,1279,164,246,0,585,9,0,0,0,0
850,23290650,319,35640,115,1,53864,9,0,0,0,0
851,73,395,0,0,0,2187,9,0,0,0,0
852,1209026,559,5133,19,1,5019,9,0,0,0,0
853,243122,303,2969,5,1,2725,9,0,0,0,0
854,3012,729,754,10678,0,14560,9,0,0,0,0
855,1120752,8561,9587,14350,1,9872,9,0,0,0,0
856,5,19,0,0,0,9,9,1,1,0,0
857,3706945,69092,14625,31627,1,63643,9,0,0,1,0
858,1040765,558,2418,215,1,4703,9,1,0,0,0
859,1584,432,0,424,0,360,9,0,0,0,0
860,62,121,0,432,0,1260,15,0,0,0,0
861,11695916,274,45082,21313,1,32146,15,0,0,0,0
862,251768,8274,1460,847,1,9902,9,0,0,0,0
863,37,88,0,0,0,39,9,0,0,0,0
864,2633,2086,140,555,0,9628,9,0,0,0,0
865,292043,4643,3088,9625,1,37195,9,0,0,0,0
866,8932,1015,193,32932,1,19498,9,0,0,1,0
867,133553,95060,1455,1453,0,40763,9,0,0,0,0
868,32,70,0,0,0,4,9,1,0,1,0
869,216,50,3,423,0,9957,15,0,0,0,0
870,1202,255,81,510,0,1019,9,0,0,0,0
871,20,195,0,1,0,32,9,1,0,0,0
872,235449,104,697,410,1,3143,9,0,0,0,0
873,1270,876,2,5630,0,17894,9,1,0,1,0
874,56,295,1,16,0,102,9,0,0,0,0
875,0,297,0,262,0,36,9,1,1,0,0
876,661893,504,14029,110,1,12036,9,0,0,0,0
877,142786,239,2185,40,1,2192,9,1,0,0,0
878,443,497,1,1555,0,1202,15,1,0,1,0
879,31942389,373,58780,82,1,8453,9,0,0,0,0
880,40,141,0,0,0,292,15,0,0,0,0
881,8530951,890,108650,1860,1,151681,9,0,0,0,0
882,301,550,1,4017,0,42931,9,0,0,0,0
883,49468,46,79,418,0,10015,0,0,0,0,0
884,59756,1134,490,7356,1,8334,9,0,0,0,0
885,41748,687,1961,73,1,2960,9,0,0,0,0
886,6,98,0,0,0,1,15,1,0,0,0
887,86,397,0,1347,0,160,9,0,0,0,0
888,53,400,1,1678,0,136,9,1,0,0,0
889,58300207,233,76018,40,1,3589,9,0,0,0,0
890,2665,699,112,5668,0,5844,9,0,0,0,0
891,88,231,2,9,0,184,9,0,0,0,0
892,91,1688,0,0,0,16,10,1,0,0,0
893,905,1,105,9,0,102189,9,1,0,0,0
894,0,10,0,0,0,1,9,1,0,0,0
895,2811,1211,152,3409,0,12150,9,0,0,1,0
896,246,251,9,3221,0,1642,9,1,0,0,0
897,320964,1114,3413,3956,1,59792,9,0,0,0,0
898,465,903,3,1179,0,6405,9,0,0,0,0
899,858,597,1,4620,0,11519,9,0,0,0,0
900,57,67,0,15,0,1295,15,0,0,0,0
901,5445575,357,30150,3799,1,3529,9,1,0,0,0
902,1247114,411,4885,68,1,1585,9,0,0,0,0
903,52199,482,1219,25011,1,18263,9,0,0,0,0
904,13725,429,41,14931,0,4044,0,1,0,0,0
905,2,75,0,0,0,0,9,1,1,0,0
906,84,103,7,107,0,158,9,0,0,0,0
907,1511303,0,853,0,1,263,9,1,0,0,0
908,455,137,50,169,0,254,9,1,0,0,0
909,131,181,6,3,0,10,9,0,0,0,0
910,224,781,0,0,0,5,9,1,0,0,0
911,426854,892,390,399,1,48381,9,0,0,0,0
912,147,104,3,231,0,6097,13,0,0,0,0
913,111,329,1,2,0,1978,9,0,0,0,0
914,68,133,0,9,0,1817,9,0,0,0,0
915,269,0,6,0,0,1571,0,0,0,0,0
916,784689,5265,10472,0,1,42520,9,0,0,0,0
917,3490480,448,7772,22,1,3966,9,0,0,0,0
918,20997,567,528,433,1,1927,9,0,0,0,0
919,5293996,101,7694,23,1,5172,9,0,0,0,0
920,64350,56,735,2197,1,4557,9,0,0,0,0
921,5,5,0,2,0,29,9,0,0,0,0
922,54,54,1,264,0,104,9,1,0,1,0
923,219,408,7,18,0,435,9,0,0,0,0
924,14014,202,524,257,1,5079,9,0,0,0,0
925,15,84,0,28,0,25,9,0,0,0,0
926,7886947,239,5192,4533,1,1637,9,0,0,1,0
927,26522,1533,1223,2793,1,11373,9,0,0,0,0
928,12,14,1,3,0,27,9,1,0,1,0
929,126,253,15,19,0,411,9,1,0,0,0
930,61546,3,959,0,1,231,4,0,0,0,0
931,15,59,0,0,0,5,9,1,0,0,0
932,43,116,0,273,0,145,0,1,0,1,0
933,1075,455,36,964,0,1851,9,0,0,1,0
934,38,75,0,0,0,496,9,0,0,0,0
935,11980,8927,261,20,0,20015,9,0,0,0,0
936,4651330,509,32051,3060,1,3545,9,0,0,0,0
937,5616,276,270,0,0,452,9,1,0,0,0
938,370,595,1,10406,0,2460,9,1,0,1,0
939,804,503,0,4875,0,4846,9,1,0,1,0
940,9374054,663,46921,491,1,66,9,0,0,0,0
941,19779,308,29,5053,0,7046,9,0,0,1,0
942,8244,485,313,148,1,1715,9,0,0,0,0
943,6374,422,42,723,1,459,11,1,0,0,0
944,188,663,6,8715,0,14158,9,0,0,1,0
945,4932,959,1,3469,0,2431,12,1,0,0,0
946,138,332,5,71,0,924,9,1,0,1,0
947,519,1836,11,36,0,139,9,0,0,0,0
948,21,114,0,0,0,7,9,0,0,0,0
949,60,131,6,392,0,108,9,1,0,0,0
950,1717,25,53,0,0,9,9,1,0,0,0
951,15,78,0,1,0,186,15,0,0,0,0
952,15,23,0,2,0,2,9,0,0,1,0
953,48,64,0,299,0,93,9,1,0,0,0
954,5183570,1840,25196,12,1,1985,9,0,0,1,0
955,403994,654,2553,34,1,16482,9,0,0,1,0
956,25,166,0,0,0,12,9,1,1,0,0
957,1878,262,64,109,0,1718,9,0,0,0,0
958,455598,204,1779,196,1,1104,9,1,0,0,0
959,12825837,31,69919,41,1,4326,9,0,0,0,0
960,4178299,400,15134,93,1,12290,9,0,0,0,0
961,398,247,2,9404,0,13063,15,0,0,0,0
962,2039677,0,19842,2,1,9256,9,0,0,0,0
963,480088,116,3209,7,1,4435,9,0,0,0,0
964,2753,683,156,3403,0,4542,9,0,0,1,0
965,4459,911,31,976,0,8532,9,0,0,1,0
966,0,20,0,0,0,2,9,1,0,0,0
967,237,368,3,13,0,87,9,0,0,1,0
968,212,922,12,684,0,259,9,0,0,0,0
969,159,242,3,13,0,292,9,1,0,0,0
970,238,169,103,0,0,225216,0,1,0,0,0
971,31872,460,990,865,1,13838,9,0,0,0,0
972,683,1411,2,9,0,645,9,0,0,0,0
973,3211350,23,5707,751,1,8867,9,0,0,0,0
974,187,292,3,0,0,5495,15,0,0,0,0
975,14240,406,687,402,1,1186,9,0,0,1,0
976,258608,719,1640,208,1,3353,9,0,0,1,0
977,129,88,1,2,0,54,9,0,0,0,0
978,738119,33,13315,6,1,1125,9,0,0,0,0
979,25,14,1,69,0,282,9,0,0,0,0
980,278002,2831,21481,19491,1,29298,9,0,0,0,0
981,5852,254,211,151,1,5926,9,0,0,0,0
982,84127,11349,5022,27745,1,84045,9,0,0,1,0
983,1002080,208,7925,49,1,2293,9,0,0,0,0
984,81,60,0,31,0,20,9,1,0,0,0
985,5262,291,401,0,0,969,9,0,0,0,0
986,50,268,0,5,0,20,15,0,0,0,0
987,208,768,30,970,0,4057,12,0,0,0,0
988,94,389,0,1,0,132,15,0,0,0,0
989,97,245,0,249,0,1086,9,0,0,0,0
990,13071,12939,27,315,0,1778,9,1,0,0,0
991,14526527,7109,53022,11833,1,28809,9,0,0,0,0
992,50441,197,894,2783,1,4652,9,0,0,0,0
993,44697,415,814,2530,1,4654,9,0,0,0,0
994,2226900,2284,24944,847,1,19873,9,0,0,0,0
995,3885,333,186,153,0,2100,9,1,0,0,0
996,227013,1,6349,0,1,210,9,0,0,0,0
997,104,126,2,9,0,21,9,1,0,0,0
998,3662977,502,3559,3332,1,6077,9,0,0,0,0
999,203,2231,0,693,0,36,9,1,0,0,0
1000,700,568,54,3521,0,21746,9,0,0,0,0
1001,4426,2604,136,551,0,5250,9,0,0,0,0
1002,1221007,14466,5214,3216,1,12793,9,0,0,0,0
1003,428,483,16,5050,0,2195,9,0,0,0,0
1004,44,99,2,20,0,24,9,0,0,1,0
1005,750,566,20,35,0,5458,9,0,0,0,0
1006,277538,241,3687,88,1,8341,9,0,0,0,0
1007,35,321,2,6143,0,82,9,0,0,1,0
1008,13,61,0,8,0,1,9,1,0,1,0
1009,351335,19,1221,395,1,25,9,0,0,0,0
1010,17032,276,441,751,0,3121,9,0,0,0,0
1011,554,1188,13,1579,0,25119,9,0,0,1,0
1012,39454,592,4006,848,1,15890,9,0,0,0,0
1013,166,497,1,2928,0,1660,9,0,0,1,0
1014,1106,4998,6,119,0,136,9,0,0,0,0
1015,61,146,3,77,0,82,9,1,0,0,0
1016,45,140,0,734,0,596,9,1,0,1,0
1017,192,304,3,128,0,119,9,0,0,0,0
1018,6719130,82,10504,329,1,1317,9,0,0,0,0
1019,86,184,0,6048,0,6128,15,0,0,0,0
1020,302,249,4,953,0,17338,15,0,0,0,0
1021,9,30,0,0,0,1,9,1,0,0,0
1022,779,471,209,271,0,278,9,0,0,0,0
1023,1229427,337,5979,18,1,440,9,0,0,0,0
1024,59,94,1,5,0,65,9,0,0,0,0
1025,14722,12377,496,4033,0,3551,9,0,0,0,0
1026,297738,328,1607,17,1,2639,9,0,0,0,0
1027,26,240,0,3,0,141,9,1,0,0,0
1028,585497,415,4365,11932,1,21729,9,0,0,0,0
1029,234,230,57,82,0,248,9,1,0,0,0
1030,171,523,1,4186,0,6162,9,0,0,1,0
1031,57664,97,1468,808,1,2675,9,0,0,0,0
1032,266,284,6,15684,0,6938,9,0,0,1,0
1033,25,223,3,0,0,28,15,0,0,0,0
1034,6755,207,338,474,1,2370,9,0,0,0,0
1035,181791,2646,1962,43,1,3642,9,0,0,0,0
1036,48848,88,0,1,0,705,9,0,1,0,0
1037,67,84,2,2,0,932,9,0,0,0,0
1038,544,664,10,25216,0,20266,9,0,0,1,0
1039,22667,880,969,509,0,6306,9,0,0,0,0
1040,46135,296,257,3601,0,10025,9,1,0,0,0
1041,112,155,28,392,0,4620,9,0,0,0,0
1042,715,1793,6,0,0,11059,15,0,0,0,0
1043,645,1303,33,934,0,6610,9,0,0,1,0
1044,6,91,0,1,0,1,9,1,0,1,0
1045,36,183,0,12,0,27,9,0,0,0,0
1046,10,36,0,0,0,13,15,1,0,0,0
1047,8741,343,102,9665,0,21046,9,0,0,1,0
1048,12548,2061,166,231,1,18570,9,0,0,0,0
1049,120,248,1,2893,0,1407,9,1,0,1,0
1050,14,73,0,0,0,47,9,1,0,0,0
1051,18706,714,359,286,1,23268,9,0,0,1,0
1052,553041,182,2560,770,1,1492,9,0,0,0,0
1053,8234316,254,3716,3,1,6123,9,0,0,0,0
1054,12,115,0,0,0,28,9,1,0,1,0
1055,5,16,0,0,0,2,9,1,0,0,0
1056,147,282,1,38,0,646,0,0,0,0,0
1057,564,365,101,1221,0,1917,9,0,0,0,0
1058,161,1845,27,44,0,607,9,0,0,0,0
1059,270,89,13,16931,0,17273,9,0,0,0,0
1060,14448,699,479,5322,1,6444,9,0,0,0,0
1061,44865,113,481,907,1,3460,9,0,0,0,0
1062,36,7,0,0,0,2,9,1,0,0,0
1063,3088771,10567,4648,3101,1,59965,9,0,0,0,0
1064,54490,772,1345,602,0,5576,9,0,0,0,0
1065,93,272,0,0,0,0,9,1,0,0,0
1066,57784,7168,2902,55,1,8286,9,0,0,0,0
1067,2199,1029,55,1321,0,2930,9,0,0,0,0
1068,214,265,0,24,0,816,15,0,0,0,0
1069,64,436,2,60,0,14,9,0,0,0,0
1070,130,1156,1,351,0,152,9,1,0,1,0
1071,18,92,0,14,0,7,12,1,0,0,0
1072,2588083,207,2504,41,1,1915,6,0,0,0,0
1073,12,16,0,0,0,15,9,1,0,0,0
1074,6758,475,383,2735,0,2869,9,0,0,0,0
1075,85,334,2,0,0,5609,9,0,0,0,0
1076,653,1177,6,207,0,2321,9,1,0,1,0
1077,115,111,4,20,0,7624,9,0,0,0,0
1078,15,65,1,0,0,65,11,0,0,0,0
1079,3965867,6,25506,0,1,2245,9,0,0,0,0
1080,2641,3259,6,1,0,203,9,1,0,0,0
1081,344,158,42,78,0,959,9,0,0,1,0
1082,50408557,108,80214,0,1,22721,9,0,0,0,0
1083,999,968,47,398,0,1027,9,0,0,0,0
1084,98,827,1,2237,0,1647,9,0,0,0,0
1085,1803900,460,16391,421,1,5624,9,0,0,0,0
1086,2135538,511,12020,6,1,6781,9,1,0,0,0
1087,110,219,0,2,0,57,9,1,0,0,0
1088,32,54,0,10,0,16,9,1,0,1,0
1089,26318809,354,70385,26,1,4642,9,0,0,0,0
1090,1595,1392,2,1290,0,2054,9,1,0,0,0
1091,12640,83,566,428,0,902,9,1,0,0,0
1092,957244,372,6928,3345,1,305,9,0,0,0,0
1093,5524,58,260,1,0,39,9,1,0,0,0
1094,348,302,10,8413,0,2578,9,0,0,0,0
1095,823,450,4,733,0,17880,9,0,0,0,0
1096,208,858,6,4073,0,1556,9,1,0,0,0
1097,3501,2560,275,7,1,1258,9,0,0,0,0
1098,160,239,0,94,0,748,9,0,0,0,0
1099,80290,5909,2533,4660,1,19203,9,0,0,0,0
1100,770356,356,4943,26,1,17854,9,0,0,0,0
1101,1633238,31049,6682,6642,1,5506,9,0,0,0,0
1102,49,237,0,83,0,1542,15,0,0,0,0
1103,84477,2,3316,405,0,4193,9,0,0,0,0
1104,291,1736,7,0,0,543,9,1,1,0,0
1105,50,128,0,25,0,15,9,1,0,1,0
1106,1674200,269,13532,120,1,4682,9,0,0,0,0
1107,9303960,2411,33005,4,1,5123,9,0,0,0,0
1108,21,240,0,139,0,209,9,1,0,0,0
1109,5864587,302,2411,15,1,13740,9,0,0,0,0
1110,16,116,0,13,0,18,9,1,0,0,0
1111,48,307,1,14,0,173,9,0,0,0,0
1112,6,84,0,1,0,3,9,1,0,1,0
1113,1511321,3018,16627,209,1,12398,9,0,0,0,0
1114,99158,2692,943,150,1,16524,9,0,0,0,0
1115,3525964,623,37294,269,1,10793,9,0,0,0,0
1116,2468308,889,18069,1141,1,8707,9,0,0,0,0
1117,66,481,0,369,0,530,9,0,0,0,0
1118,2133107,50,17074,2,1,1337,9,0,0,0,0
1119,3062495,9465,7818,2192,1,6851,9,0,0,0,0
1120,10,62,0,0,0,144,7,1,0,1,0
1121,879,2238,31,153,0,2171,9,1,0,1,0
1122,1182904,501,4594,14,1,37753,9,0,0,0,0
1123,25437224,1142,30410,56,1,56037,9,0,0,0,0
1124,85,129,0,18,0,2163,15,0,0,0,0
1125,9,54,0,100,0,49,15,1,0,1,0
1126,1707,4860,436,3001,0,13363,9,0,0,0,0
1127,4050,243,13,241,0,717,9,0,0,0,0
1128,86657,933,1101,9061,1,124550,9,0,0,1,0
1129,55469,4306,1730,29095,1,58890,9,0,0,1,0
1130,25893,54,861,759,0,638,9,1,0,0,0
1131,8576144,1135,37857,711,1,54854,9,0,0,1,0
1132,343,55,26,2,0,55,9,0,0,0,0
1133,1469,505,134,5,1,264,9,0,0,0,0
1134,191,347,27,331,0,434,9,1,0,0,0
1135,4419,1982,327,550,0,6764,9,0,0,0,0
1136,98,1581,0,0,0,125,15,0,0,0,0
1137,2651471,519,7734,1316,1,2078,9,1,0,0,0
1138,951201,37234,3035,2148,1,11766,9,0,0,0,0
1139,401,850,5,941,0,4604,9,0,0,0,0
1140,5280949,321,33246,799,1,5183,9,0,0,0,0
1141,527,992,1,9892,0,1319,9,1,0,1,0
1142,876,1263,22,253,0,1271,9,1,0,0,0
1143,1533,334,111,505,0,1346,9,0,0,1,0
1144,12865,2019,858,3153,1,5622,9,1,0,0,0
1145,2775633,139,24528,20,1,426,9,0,0,0,0
1146,149,65,7,60,0,95,9,0,0,0,0
1147,61191,1194,1169,5313,1,16821,9,1,0,0,0
1148,902052,2085,15720,3260,1,47987,9,0,0,1,0
1149,229,1331,4,0,0,16,15,1,0,0,0
1150,2530820,840,35966,2137,1,104891,9,0,0,0,0
1151,835901,36,446,18,1,289,17,0,0,1,0
1152,264229,1376,4420,19928,1,1854,9,0,0,1,0
1153,95,119,0,0,0,27,9,1,0,0,0
1154,4,10,0,0,0,1,9,0,0,0,0
1155,631587,253,8861,3131,1,9532,9,0,0,0,0
1156,28610,667,361,505,0,224,9,0,0,1,0
1157,78913,4643,2765,1117,1,12368,9,0,0,0,0
1158,126545,583,2447,452,1,5723,9,0,0,0,0
1159,183414,268,3129,1970,1,15148,9,0,0,0,0
1160,3459,2282,11,3888,0,57256,15,0,0,1,0
1161,23,39,0,4,0,11,9,1,0,0,0
1162,251,545,1,5095,0,2317,9,0,0,0,0
1163,363,345,3,620,0,3361,15,0,0,0,0
1164,5861,233,627,2,1,903,9,0,0,0,0
1165,211,355,9,5017,0,5122,9,1,0,0,0
1166,914,996,19,923,0,7302,9,0,0,1,0
1167,739,827,15,438,0,734,9,1,0,0,0
1168,483,1807,1,0,0,365,9,0,0,0,0
1169,53028,10,405,0,1,25,9,1,0,0,0
1170,101,85,0,579,0,133,9,1,0,0,0
1171,5730,301,182,26,1,1741,9,0,0,0,0
1172,1399,1705,1,2232,0,6309,9,0,0,0,0
1173,521127,194,8428,33,1,480,9,0,0,0,0
1174,505217,276,7111,17,1,4307,9,0,0,0,0
1175,178,179,1,15,0,268,9,0,0,1,0
